time, participant, keyorder, session, condition, correct, response, error, RT
2015-12-03_14-17, 059, 11, practice, control, red, red, 0, 1.90294532687
2015-12-03_14-17, 059, 11, practice, control, red, red, 0, 1.30695359778
2015-12-03_14-17, 059, 11, practice, control, blue, blue, 0, 0.878379764115
2015-12-03_14-17, 059, 11, practice, control, green, green, 0, 0.934017117303
2015-12-03_14-17, 059, 11, practice, control, blue, blue, 0, 1.64727476147
2015-12-03_14-17, 059, 11, practice, control, green, green, 0, 1.03660728771
2015-12-03_14-17, 059, 11, practice, control, blue, blue, 0, 0.536511247767
2015-12-03_14-17, 059, 11, practice, control, black, black, 0, 0.422769348032
2015-12-03_14-17, 059, 11, practice, control, red, red, 0, 0.430262759157
2015-12-03_14-17, 059, 11, practice, control, green, green, 0, 1.0725954813
2015-12-03_14-17, 059, 11, practice, control, black, black, 0, 0.729864901266
2015-12-03_14-17, 059, 11, practice, control, black, black, 0, 0.620656010185
2015-12-03_14-17, 059, 11, practice, control, red, red, 0, 0.464364973199
2015-12-03_14-17, 059, 11, practice, control, blue, blue, 0, 0.428464019074
2015-12-03_14-17, 059, 11, practice, control, black, black, 0, 0.687464989423
2015-12-03_14-17, 059, 11, practice, control, blue, blue, 0, 0.851148423415
2015-12-03_14-17, 059, 11, practice, control, green, green, 0, 0.652443317304
2015-12-03_14-17, 059, 11, practice, control, black, black, 0, 0.428823690567
2015-12-03_14-17, 059, 11, practice, control, green, green, 0, 1.06638043448
2015-12-03_14-17, 059, 11, practice, control, red, red, 0, 0.652989711863
2015-12-03_14-17, 059, 11, practice, control, green, green, 0, 1.15104825108
2015-12-03_14-17, 059, 11, practice, control, red, red, 0, 0.657312657069
2015-12-03_14-17, 059, 11, practice, control, blue, blue, 0, 0.582724060034
2015-12-03_14-17, 059, 11, practice, compatible, green, green, 0, 1.21242389504
2015-12-03_14-17, 059, 11, practice, compatible, blue, blue, 0, 0.616944506517
2015-12-03_14-17, 059, 11, practice, compatible, green, green, 0, 1.01279129565
2015-12-03_14-17, 059, 11, practice, incompatible, blue, blue, 0, 0.846990774044
2015-12-03_14-17, 059, 11, practice, incompatible, black, black, 0, 0.589049304072
2015-12-03_14-17, 059, 11, practice, compatible, red, red, 0, 0.465008555588
2015-12-03_14-17, 059, 11, practice, compatible, black, black, 0, 0.730469072842
2015-12-03_14-17, 059, 11, practice, incompatible, green, green, 0, 0.507332706838
2015-12-03_14-17, 059, 11, practice, incompatible, blue, blue, 0, 0.894026239184
2015-12-03_14-17, 059, 11, practice, compatible, black, black, 0, 0.704917091894
2015-12-03_14-17, 059, 11, practice, compatible, red, red, 0, 0.660337723875
2015-12-03_14-17, 059, 11, practice, incompatible, red, red, 0, 0.752883493988
2015-12-03_14-17, 059, 11, practice, incompatible, green, green, 0, 0.472863933977
2015-12-03_14-17, 059, 11, practice, compatible, green, green, 0, 0.627427782558
2015-12-03_14-17, 059, 11, practice, compatible, blue, blue, 0, 0.775329290729
2015-12-03_14-17, 059, 11, practice, compatible, black, black, 0, 0.618016251032
2015-12-03_14-17, 059, 11, practice, compatible, blue, blue, 0, 0.805528303852
2015-12-03_14-17, 059, 11, practice, incompatible, black, black, 0, 1.11117598802
2015-12-03_14-17, 059, 11, practice, compatible, red, red, 0, 0.587563937348
2015-12-03_14-17, 059, 11, practice, incompatible, red, red, 0, 1.27497688919
2015-12-03_14-17, 059, 11, practice, incompatible, blue, blue, 0, 0.769869554038
2015-12-03_14-17, 059, 11, practice, incompatible, red, red, 0, 0.743749368663
2015-12-03_14-17, 059, 11, practice, incompatible, green, green, 0, 0.581490463348
2015-12-03_14-17, 059, 11, practice, incompatible, black, black, 0, 0.398702733808
2015-12-03_14-17, 059, 11, trial, incompatible, blue, blue, 0, 0.899616069815
2015-12-03_14-17, 059, 11, trial, compatible, black, black, 0, 0.631859777095
2015-12-03_14-17, 059, 11, trial, compatible, blue, blue, 0, 0.66815675249
2015-12-03_14-17, 059, 11, trial, incompatible, blue, blue, 0, 0.694119677246
2015-12-03_14-17, 059, 11, trial, compatible, blue, blue, 0, 0.440346952892
2015-12-03_14-17, 059, 11, trial, incompatible, red, red, 0, 0.585262805071
2015-12-03_14-17, 059, 11, trial, compatible, black, black, 0, 0.652940352695
2015-12-03_14-17, 059, 11, trial, incompatible, black, black, 0, 0.694016749978
2015-12-03_14-17, 059, 11, trial, incompatible, red, red, 0, 0.592104598592
2015-12-03_14-17, 059, 11, trial, incompatible, black, black, 0, 0.695123313752
2015-12-03_14-17, 059, 11, trial, incompatible, blue, blue, 0, 0.820371640133
2015-12-03_14-17, 059, 11, trial, compatible, green, green, 0, 0.461974688311
2015-12-03_14-17, 059, 11, trial, incompatible, blue, blue, 0, 0.84680596412
2015-12-03_14-17, 059, 11, trial, compatible, red, red, 0, 0.546816983842
2015-12-03_14-17, 059, 11, trial, compatible, green, green, 0, 0.701223954427
2015-12-03_14-17, 059, 11, trial, incompatible, red, red, 0, 0.54297959515
2015-12-03_14-17, 059, 11, trial, compatible, black, black, 0, 0.550564072033
2015-12-03_14-17, 059, 11, trial, incompatible, green, green, 0, 0.853937025346
2015-12-03_14-17, 059, 11, trial, incompatible, green, green, 0, 0.696011013599
2015-12-03_14-17, 059, 11, trial, incompatible, red, red, 0, 0.742778255641
2015-12-03_14-17, 059, 11, trial, compatible, red, red, 0, 0.578952866199
2015-12-03_14-17, 059, 11, trial, compatible, green, green, 0, 0.627006507759
2015-12-03_14-17, 059, 11, trial, compatible, red, red, 0, 0.58617422793
2015-12-03_14-17, 059, 11, trial, compatible, blue, blue, 0, 0.630387419762
2015-12-03_14-17, 059, 11, trial, compatible, green, green, 0, 0.780860579089
2015-12-03_14-17, 059, 11, trial, compatible, blue, blue, 0, 0.621485933018
2015-12-03_14-17, 059, 11, trial, compatible, black, green, 1, 0.505680896393
2015-12-03_14-17, 059, 11, trial, incompatible, black, black, 0, 0.741183839578
2015-12-03_14-17, 059, 11, trial, compatible, blue, blue, 0, 0.554954742613
2015-12-03_14-17, 059, 11, trial, incompatible, blue, blue, 0, 0.736440767461
2015-12-03_14-17, 059, 11, trial, incompatible, green, green, 0, 0.769166281487
2015-12-03_14-17, 059, 11, trial, incompatible, black, black, 0, 0.928690918219
2015-12-03_14-17, 059, 11, trial, compatible, black, black, 0, 0.654388987012
2015-12-03_14-17, 059, 11, trial, incompatible, green, green, 0, 0.885240306474
2015-12-03_14-17, 059, 11, trial, compatible, red, red, 0, 0.427592007025
2015-12-03_14-17, 059, 11, trial, compatible, red, red, 0, 0.650232485528
2015-12-03_14-17, 059, 11, trial, compatible, green, green, 0, 0.695231980459
2015-12-03_14-17, 059, 11, trial, incompatible, red, red, 0, 0.879515407712
2015-12-03_14-17, 059, 11, trial, incompatible, green, green, 0, 1.22267912405
2015-12-03_14-17, 059, 11, trial, incompatible, black, black, 0, 0.574121406727
